QUESTAO A)
Metodo de Gauss-Jacobi
Iteracao |      x1     |      x2     |      x3     |      x4
       0 | 0001.000000 | 0001.000000 | 0001.000000 | 0001.000000
       1 | 0001.000000 | 0000000.333 | 0000001.575 | 0000001.200
       2 | 0001.157407 | 0000000.422 | 0000001.333 | 0000001.263
       3 | 0001.079846 | 0000000.354 | 0000001.312 | 0000001.242
       4 | 0001.087213 | 0000000.358 | 0000001.313 | 0000001.268
       5 | 0001.081199 | 0000000.354 | 0000001.303 | 0000001.266
       6 | 0001.079885 | 0000000.353 | 0000001.304 | 0000001.269
       7 | 0001.079598 | 0000000.353 | 0000001.302 | 0000001.269
       8 | 0001.079288 | 0000000.353 | 0000001.302 | 0000001.269


Metodo de Gauss-Seidel
Iteracao |      x1     |      x2     |      x3     |      x4
       0 | 0001.000000 | 0001.000000 | 0001.000000 | 0001.000000
       1 | 0001.000000 | 0000000.333 | 0000001.408 | 0000001.277
       2 | 0001.103241 | 0000000.371 | 0000001.301 | 0000001.263
       3 | 0001.078418 | 0000000.353 | 0000001.305 | 0000001.269
       4 | 0001.079809 | 0000000.353 | 0000001.302 | 0000001.269
       5 | 0001.079209 | 0000000.353 | 0000001.302 | 0000001.270
-----------------------\\----------------\\----------------------------------


QUESTAO B)
Metodo de Gauss-Jacobi
Iteracao |      x1     |      x2     |      x3     |      x4
       0 | 0001.000000 | 0001.000000 | 0001.000000 | 0001.000000
       1 | 0000.197143 | 0000000.361 | 0000001.860 | -000000.051
       2 | 0000.834399 | 0000000.753 | 0000002.195 | -000000.017
       3 | 0000.864495 | 0000000.775 | 0000002.201 | -000000.358
       4 | 0000.960283 | 0000000.822 | 0000002.330 | -000000.371
       5 | 0000.994201 | 0000000.845 | 0000002.335 | -000000.446
       6 | 0001.013780 | 0000000.854 | 0000002.364 | -000000.460
       7 | 0001.024958 | 0000000.861 | 0000002.369 | -000000.477
       8 | 0001.030108 | 0000000.864 | 0000002.376 | -000000.482
       9 | 0001.033223 | 0000000.866 | 0000002.378 | -000000.486
      10 | 0001.034694 | 0000000.867 | 0000002.380 | -000000.488
      11 | 0001.035538 | 0000000.867 | 0000002.380 | -000000.489
      12 | 0001.035959 | 0000000.867 | 0000002.381 | -000000.490


Metodo de Gauss-Seidel
Iteracao |      x1     |      x2     |      x3     |      x4
       0 | 0001.000000 | 0001.000000 | 0001.000000 | 0001.000000
       1 | 0000.197143 | 0000000.419 | 0000001.815 | -000000.015
       2 | 0000.803110 | 0000000.695 | 0000002.189 | -000000.336
       3 | 0000.962147 | 0000000.810 | 0000002.318 | -000000.440
       4 | 0001.012315 | 0000000.849 | 0000002.361 | -000000.474
       5 | 0001.028563 | 0000000.861 | 0000002.374 | -000000.485
       6 | 0001.033870 | 0000000.866 | 0000002.379 | -000000.488
       7 | 0001.035603 | 0000000.867 | 0000002.380 | -000000.490
       8 | 0001.036169 | 0000000.867 | 0000002.381 | -000000.490
-----------------------\\----------------\\----------------------------------


QUESTAO C)
Metodo de Gauss-Jacobi
Iteracao |      x1     |      x2     |      x3     |      x4
       0 | 0001.000000 | 0001.000000 | 0001.000000 | 0001.000000
       1 | -000.150000 | 0000000.417 | 0000000.517 | -000000.363
       2 | 0000.229167 | 0000000.159 | 0000000.419 | -000000.085
       3 | 0000.209236 | 0000000.301 | 0000000.377 | -000000.088
       4 | 0000.199960 | 0000000.311 | 0000000.400 | -000000.098
       5 | 0000.198521 | 0000000.300 | 0000000.402 | -000000.101
       6 | 0000.200074 | 0000000.299 | 0000000.400 | -000000.100
       7 | 0000.200123 | 0000000.300 | 0000000.400 | -000000.100
       8 | 0000.199995 | 0000000.300 | 0000000.400 | -000000.100


Metodo de Gauss-Seidel
Iteracao |      x1     |      x2     |      x3     |      x4
       0 | 0001.000000 | 0001.000000 | 0001.000000 | 0001.000000
       1 | -000.150000 | 0000000.225 | 0000000.387 | -000000.045
       2 | 0000.197813 | 0000000.313 | 0000000.402 | -000000.102
       3 | 0000.198815 | 0000000.299 | 0000000.400 | -000000.100
       4 | 0000.200074 | 0000000.300 | 0000000.400 | -000000.100
       5 | 0000.199990 | 0000000.300 | 0000000.400 | -000000.100
-----------------------\\----------------\\----------------------------------


QUESTAO D)
Metodo de Gauss-Jacobi
Iteracao |      x1     |      x2     |      x3     |      x4
       0 | 0001.000000 | 0001.000000 | 0001.000000 | 0001.000000
       1 | 0001.000000 | 0000003.000 | -000006.333 | 0000004.800
       2 | -002.044445 | 0000003.707 | -000008.267 | 0000005.467
       3 | -002.675556 | 0000005.178 | -000007.710 | 0000006.180
       4 | -002.237136 | 0000005.176 | -000008.227 | 0000005.606
       5 | -002.218983 | 0000005.219 | -000008.182 | 0000005.622
       6 | -002.194980 | 0000005.199 | -000008.208 | 0000005.592
       7 | -002.200180 | 0000005.201 | -000008.199 | 0000005.601
       8 | -002.199569 | 0000005.200 | -000008.201 | 0000005.599
       9 | -002.200074 | 0000005.200 | -000008.200 | 0000005.600


Metodo de Gauss-Seidel
Iteracao |      x1     |      x2     |      x3     |      x4
       0 | 0001.000000 | 0001.000000 | 0001.000000 | 0001.000000
       1 | 0001.000000 | 0000003.000 | -000007.000 | 0000005.600
       2 | -002.533334 | 0000005.093 | -000008.053 | 0000005.680
       3 | -002.213333 | 0000005.160 | -000008.209 | 0000005.620
       4 | -002.223112 | 0000005.207 | -000008.201 | 0000005.602
       5 | -002.198874 | 0000005.199 | -000008.201 | 0000005.600
       6 | -002.200557 | 0000005.200 | -000008.200 | 0000005.600
       7 | -002.199867 | 0000005.200 | -000008.200 | 0000005.600
-----------------------\\----------------\\----------------------------------


QUESTAO E)
Metodo de Gauss-Jacobi
Iteracao |      x1     |      x2     |      x3     |      x4
       0 | 0001.000000 | 0001.000000 | 0001.000000 | 0001.000000
       1 | 0001.450000 | 0000003.140 | 0000003.950 | 0000001.930
       2 | 0001.102500 | 0000002.133 | 0000003.384 | 0000001.309
       3 | 0001.243200 | 0000002.529 | 0000003.682 | 0000001.574
       4 | 0001.182037 | 0000002.350 | 0000003.562 | 0000001.466
       5 | 0001.207820 | 0000002.423 | 0000003.615 | 0000001.514
       6 | 0001.196711 | 0000002.391 | 0000003.593 | 0000001.494
       7 | 0001.201420 | 0000002.404 | 0000003.603 | 0000001.503
       8 | 0001.199399 | 0000002.398 | 0000003.599 | 0000001.499
       9 | 0001.200258 | 0000002.401 | 0000003.601 | 0000001.500
      10 | 0001.199890 | 0000002.400 | 0000003.600 | 0000001.500
      11 | 0001.200047 | 0000002.400 | 0000003.600 | 0000001.500


Metodo de Gauss-Seidel
Iteracao |      x1     |      x2     |      x3     |      x4
       0 | 0001.000000 | 0001.000000 | 0001.000000 | 0001.000000
       1 | 0001.450000 | 0000003.095 | 0000003.486 | 0000001.342
       2 | 0001.186780 | 0000002.487 | 0000003.600 | 0000001.484
       3 | 0001.197260 | 0000002.407 | 0000003.601 | 0000001.499
       4 | 0001.199745 | 0000002.400 | 0000003.600 | 0000001.500
       5 | 0001.199984 | 0000002.400 | 0000003.600 | 0000001.500
-----------------------\\----------------\\----------------------------------


QUESTAO F)
Metodo de Gauss-Jacobi
Iteracao |      x1     |      x2     |      x3     |      x4
       0 | 0001.000000 | 0001.000000 | 0001.000000 | 0001.000000
       1 | 0000.400000 | 0000001.233 | 0000002.100 | 0000001.520
       2 | 0000.486667 | 0000001.140 | 0000002.364 | 0000001.453
       3 | 0000.592778 | 0000001.015 | 0000002.308 | 0000001.560
       4 | 0000.583259 | 0000001.052 | 0000002.266 | 0000001.616
       5 | 0000.549691 | 0000001.086 | 0000002.289 | 0000001.596
       6 | 0000.551802 | 0000001.077 | 0000002.303 | 0000001.581
       7 | 0000.561292 | 0000001.067 | 0000002.297 | 0000001.586
       8 | 0000.561044 | 0000001.069 | 0000002.293 | 0000001.591
       9 | 0000.558327 | 0000001.072 | 0000002.295 | 0000001.589
      10 | 0000.558306 | 0000001.072 | 0000002.296 | 0000001.588
      11 | 0000.559078 | 0000001.071 | 0000002.296 | 0000001.588


Metodo de Gauss-Seidel
Iteracao |      x1     |      x2     |      x3     |      x4
       0 | 0001.000000 | 0001.000000 | 0001.000000 | 0001.000000
       1 | 0000.400000 | 0000001.333 | 0000002.311 | 0000001.476
       2 | 0000.525556 | 0000001.034 | 0000002.270 | 0000001.577
       3 | 0000.564593 | 0000001.075 | 0000002.294 | 0000001.590
       4 | 0000.557280 | 0000001.072 | 0000002.296 | 0000001.588
       5 | 0000.559033 | 0000001.071 | 0000002.295 | 0000001.588
       6 | 0000.558963 | 0000001.071 | 0000002.295 | 0000001.588
-----------------------\\----------------\\----------------------------------
